0.000000 0.000000
0.010000 0.029900
0.020000 0.039502
0.030000 0.049107
0.040000 0.058616
0.050000 0.068030
0.060000 0.077350
0.070000 0.086576
0.080000 0.095711
0.090000 0.104753
0.100000 0.113706
0.110000 0.122569
0.120000 0.131343
0.130000 0.140030
0.140000 0.148629
0.150000 0.157143
0.160000 0.165572
0.170000 0.173916
0.180000 0.182177
0.190000 0.190355
0.200000 0.198451
0.210000 0.206467
0.220000 0.214402
0.230000 0.222258
0.240000 0.230036
0.250000 0.237735
0.260000 0.245358
0.270000 0.252904
0.280000 0.260375
0.290000 0.267772
0.300000 0.275094
0.310000 0.282343
0.320000 0.289520
0.330000 0.296624
0.340000 0.303658
0.350000 0.310621
0.360000 0.317515
0.370000 0.324340
0.380000 0.331097
0.390000 0.337786
0.400000 0.344408
0.410000 0.350964
0.420000 0.357454
0.430000 0.363880
0.440000 0.370241
0.450000 0.376538
0.460000 0.382773
0.470000 0.388945
0.480000 0.395056
0.490000 0.401105
0.500000 0.407078
0.510000 0.383123
0.520000 0.379391
0.530000 0.375597
0.540000 0.371841
0.550000 0.368122
0.560000 0.364441
0.570000 0.360797
0.580000 0.357189
0.590000 0.353617
0.600000 0.350081
0.610000 0.346580
0.620000 0.343114
0.630000 0.339683
0.640000 0.336286
0.650000 0.332923
0.660000 0.329594
0.670000 0.326298
0.680000 0.323035
0.690000 0.319805
0.700000 0.316607
0.710000 0.313441
0.720000 0.310306
0.730000 0.307203
0.740000 0.304131
0.750000 0.301090
0.760000 0.298079
0.770000 0.295098
0.780000 0.292147
0.790000 0.289226
0.800000 0.286334
0.810000 0.283470
0.820000 0.280635
0.830000 0.277829
0.840000 0.275051
0.850000 0.272300
0.860000 0.269577
0.870000 0.266882
0.880000 0.264213
0.890000 0.261571
0.900000 0.258955
0.910000 0.256365
0.920000 0.253802
0.930000 0.251264
0.940000 0.248751
0.950000 0.246264
0.960000 0.243801
0.970000 0.241363
0.980000 0.238949
0.990000 0.236560
1.000000 0.234211
1.010000 0.261752
1.020000 0.269036
1.030000 0.276346
1.040000 0.283582
1.050000 0.290746
1.060000 0.297839
1.070000 0.304861
1.080000 0.311812
1.090000 0.318694
1.100000 0.325507
1.110000 0.332252
1.120000 0.338929
1.130000 0.345540
1.140000 0.352085
1.150000 0.358564
1.160000 0.364978
1.170000 0.371328
1.180000 0.377615
1.190000 0.383839
1.200000 0.390001
1.210000 0.396101
1.220000 0.402139
1.230000 0.408118
1.240000 0.414037
1.250000 0.419897
1.260000 0.425698
1.270000 0.431441
1.280000 0.437126
1.290000 0.442755
1.300000 0.448327
1.310000 0.453844
1.320000 0.459306
1.330000 0.464713
1.340000 0.470065
1.350000 0.475365
1.360000 0.480611
1.370000 0.485805
1.380000 0.490947
1.390000 0.496038
1.400000 0.501077
1.410000 0.506066
1.420000 0.511006
1.430000 0.515896
1.440000 0.520737
1.450000 0.525529
1.460000 0.530274
1.470000 0.534971
1.480000 0.539622
1.490000 0.544225
1.500000 0.548766
1.510000 0.523395
1.520000 0.518260
1.530000 0.513077
1.540000 0.507947
1.550000 0.502867
1.560000 0.497839
1.570000 0.492860
1.580000 0.487932
1.590000 0.483052
1.600000 0.478222
1.610000 0.473439
1.620000 0.468705
1.630000 0.464018
1.640000 0.459378
1.650000 0.454784
1.660000 0.450236
1.670000 0.445734
1.680000 0.441277
1.690000 0.436864
1.700000 0.432495
1.710000 0.428170
1.720000 0.423888
1.730000 0.419650
1.740000 0.415453
1.750000 0.411299
1.760000 0.407186
1.770000 0.403114
1.780000 0.399083
1.790000 0.395092
1.800000 0.391141
1.810000 0.387229
1.820000 0.383357
1.830000 0.379524
1.840000 0.375728
1.850000 0.371971
1.860000 0.368251
1.870000 0.364569
1.880000 0.360923
1.890000 0.357314
1.900000 0.353741
1.910000 0.350203
1.920000 0.346701
1.930000 0.343234
1.940000 0.339802
1.950000 0.336404
1.960000 0.333040
1.970000 0.329710
1.980000 0.326412
1.990000 0.323148
2.000000 0.319933
2.010000 0.346618
2.020000 0.353053
2.030000 0.359522
2.040000 0.365927
2.050000 0.372268
2.060000 0.378545
2.070000 0.384760
2.080000 0.390912
2.090000 0.397003
2.100000 0.403033
2.110000 0.409003
2.120000 0.414913
2.130000 0.420763
2.140000 0.426556
2.150000 0.432290
2.160000 0.437967
2.170000 0.443588
2.180000 0.449152
2.190000 0.454660
2.200000 0.460114
2.210000 0.465513
2.220000 0.470857
2.230000 0.476149
2.240000 0.481387
2.250000 0.486573
2.260000 0.491708
2.270000 0.496791
2.280000 0.501823
2.290000 0.506805
2.300000 0.511736
2.310000 0.516619
2.320000 0.521453
2.330000 0.526238
2.340000 0.530976
2.350000 0.535666
2.360000 0.540310
2.370000 0.544906
2.380000 0.549457
2.390000 0.553963
2.400000 0.558423
2.410000 0.562839
2.420000 0.567211
2.430000 0.571538
2.440000 0.575823
2.450000 0.580065
2.460000 0.584264
2.470000 0.588422
2.480000 0.592537
2.490000 0.596612
2.500000 0.600629
2.510000 0.574739
2.520000 0.569091
2.530000 0.563400
2.540000 0.557766
2.550000 0.552188
2.560000 0.546666
2.570000 0.541200
2.580000 0.535788
2.590000 0.530430
2.600000 0.525125
2.610000 0.519874
2.620000 0.514675
2.630000 0.509529
2.640000 0.504433
2.650000 0.499389
2.660000 0.494395
2.670000 0.489451
2.680000 0.484557
2.690000 0.479711
2.700000 0.474914
2.710000 0.470165
2.720000 0.465463
2.730000 0.460809
2.740000 0.456201
2.750000 0.451639
2.760000 0.447122
2.770000 0.442651
2.780000 0.438224
2.790000 0.433842
2.800000 0.429504
2.810000 0.425209
2.820000 0.420957
2.830000 0.416747
2.840000 0.412580
2.850000 0.408454
2.860000 0.404369
2.870000 0.400326
2.880000 0.396322
2.890000 0.392359
2.900000 0.388435
2.910000 0.384551
2.920000 0.380706
2.930000 0.376899
2.940000 0.373130
2.950000 0.369398
2.960000 0.365704
2.970000 0.362047
2.980000 0.358427
2.990000 0.354842
3.000000 0.351311
3.010000 0.377681
3.020000 0.383806
3.030000 0.389968
3.040000 0.396068
3.050000 0.402107
3.060000 0.408086
3.070000 0.414005
3.080000 0.419865
3.090000 0.425667
3.100000 0.431410
3.110000 0.437096
3.120000 0.442725
3.130000 0.448298
3.140000 0.453815
3.150000 0.459276
3.160000 0.464684
3.170000 0.470037
3.180000 0.475337
3.190000 0.480583
3.200000 0.485777
3.210000 0.490920
3.220000 0.496010
3.230000 0.501050
3.240000 0.506040
3.250000 0.510979
3.260000 0.515870
3.270000 0.520711
3.280000 0.525504
3.290000 0.530249
3.300000 0.534946
3.310000 0.539597
3.320000 0.544201
3.330000 0.548759
3.340000 0.553271
3.350000 0.557738
3.360000 0.562161
3.370000 0.566540
3.380000 0.570874
3.390000 0.575165
3.400000 0.579414
3.410000 0.583620
3.420000 0.587783
3.430000 0.591906
3.440000 0.595986
3.450000 0.600027
3.460000 0.604026
3.470000 0.607986
3.480000 0.611906
3.490000 0.615787
3.500000 0.619613
3.510000 0.593533
3.520000 0.587696
3.530000 0.581819
3.540000 0.576001
3.550000 0.570241
3.560000 0.564539
3.570000 0.558893
3.580000 0.553304
3.590000 0.547771
3.600000 0.542294
3.610000 0.536871
3.620000 0.531502
3.630000 0.526187
3.640000 0.520925
3.650000 0.515716
3.660000 0.510559
3.670000 0.505453
3.680000 0.500399
3.690000 0.495395
3.700000 0.490441
3.710000 0.485536
3.720000 0.480681
3.730000 0.475874
3.740000 0.471115
3.750000 0.466404
3.760000 0.461740
3.770000 0.457123
3.780000 0.452552
3.790000 0.448026
3.800000 0.443546
3.810000 0.439110
3.820000 0.434719
3.830000 0.430372
3.840000 0.426068
3.850000 0.421808
3.860000 0.417590
3.870000 0.413414
3.880000 0.409280
3.890000 0.405187
3.900000 0.401135
3.910000 0.397123
3.920000 0.393152
3.930000 0.389221
3.940000 0.385329
3.950000 0.381475
3.960000 0.377660
3.970000 0.373884
3.980000 0.370145
3.990000 0.366444
4.000000 0.362796
4.010000 0.389052
4.020000 0.395062
4.030000 0.401112
4.040000 0.407100
4.050000 0.413029
4.060000 0.418899
4.070000 0.424710
4.080000 0.430463
4.090000 0.436158
4.100000 0.441797
4.110000 0.447379
4.120000 0.452905
4.130000 0.458376
4.140000 0.463792
4.150000 0.469154
4.160000 0.474463
4.170000 0.479718
4.180000 0.484921
4.190000 0.490072
4.200000 0.495171
4.210000 0.500219
4.220000 0.505217
4.230000 0.510165
4.240000 0.515063
4.250000 0.519913
4.260000 0.524714
4.270000 0.529466
4.280000 0.534172
4.290000 0.538830
4.300000 0.543442
4.310000 0.548007
4.320000 0.552527
4.330000 0.557002
4.340000 0.561432
4.350000 0.565818
4.360000 0.570159
4.370000 0.574458
4.380000 0.578713
4.390000 0.582926
4.400000 0.587097
4.410000 0.591226
4.420000 0.595314
4.430000 0.599361
4.440000 0.603367
4.450000 0.607333
4.460000 0.611260
4.470000 0.615147
4.480000 0.618996
4.490000 0.622806
4.500000 0.626561
4.510000 0.600412
4.520000 0.594507
4.530000 0.588562
4.540000 0.582676
4.550000 0.576849
4.560000 0.571081
4.570000 0.565370
4.580000 0.559716
4.590000 0.554119
4.600000 0.548578
4.610000 0.543092
4.620000 0.537661
4.630000 0.532285
4.640000 0.526962
4.650000 0.521692
4.660000 0.516475
4.670000 0.511310
4.680000 0.506197
4.690000 0.501135
4.700000 0.496124
4.710000 0.491163
4.720000 0.486251
4.730000 0.481389
4.740000 0.476575
4.750000 0.471809
4.760000 0.467091
4.770000 0.462420
4.780000 0.457796
4.790000 0.453218
4.800000 0.448686
4.810000 0.444199
4.820000 0.439757
4.830000 0.435359
4.840000 0.431006
4.850000 0.426696
4.860000 0.422429
4.870000 0.418204
4.880000 0.414022
4.890000 0.409882
4.900000 0.405783
4.910000 0.401725
4.920000 0.397708
4.930000 0.393731
4.940000 0.389794
4.950000 0.385896
4.960000 0.382037
4.970000 0.378216
4.980000 0.374434
4.990000 0.370690
5.000000 0.367000
5.010000 0.393213
5.020000 0.399182
5.030000 0.405191
5.040000 0.411139
5.050000 0.417027
5.060000 0.422857
5.070000 0.428628
5.080000 0.434342
5.090000 0.439999
5.100000 0.445599
5.110000 0.451143
5.120000 0.456631
5.130000 0.462065
5.140000 0.467444
5.150000 0.472770
5.160000 0.478042
5.170000 0.483262
5.180000 0.488429
5.190000 0.493545
5.200000 0.498609
5.210000 0.503623
5.220000 0.508587
5.230000 0.513501
5.240000 0.518366
5.250000 0.523183
5.260000 0.527951
5.270000 0.532671
5.280000 0.537345
5.290000 0.541971
5.300000 0.546551
5.310000 0.551086
5.320000 0.555575
5.330000 0.560019
5.340000 0.564419
5.350000 0.568775
5.360000 0.573087
5.370000 0.577356
5.380000 0.581583
5.390000 0.585767
5.400000 0.589909
5.410000 0.594010
5.420000 0.598070
5.430000 0.602089
5.440000 0.606068
5.450000 0.610008
5.460000 0.613908
5.470000 0.617769
5.480000 0.621591
5.490000 0.625375
5.500000 0.629105
5.510000 0.602930
5.520000 0.596999
5.530000 0.591029
5.540000 0.585119
5.550000 0.579268
5.560000 0.573475
5.570000 0.567740
5.580000 0.562063
5.590000 0.556442
5.600000 0.550878
5.610000 0.545369
5.620000 0.539916
5.630000 0.534516
5.640000 0.529171
5.650000 0.523880
5.660000 0.518641
5.670000 0.513454
5.680000 0.508320
5.690000 0.503237
5.700000 0.498204
5.710000 0.493222
5.720000 0.488290
5.730000 0.483407
5.740000 0.478573
5.750000 0.473787
5.760000 0.469049
5.770000 0.464359
5.780000 0.459715
5.790000 0.455118
5.800000 0.450567
5.810000 0.446061
5.820000 0.441601
5.830000 0.437185
5.840000 0.432813
5.850000 0.428485
5.860000 0.424200
5.870000 0.419958
5.880000 0.415758
5.890000 0.411601
5.900000 0.407485
5.910000 0.403410
5.920000 0.399376
5.930000 0.395382
5.940000 0.391428
5.950000 0.387514
5.960000 0.383639
5.970000 0.379802
5.980000 0.376004
5.990000 0.372244
6.000000 0.368539
6.010000 0.394737
6.020000 0.400691
6.030000 0.406684
6.040000 0.412617
6.050000 0.418491
6.060000 0.424306
6.070000 0.430063
6.080000 0.435762
6.090000 0.441404
6.100000 0.446990
6.110000 0.452521
6.120000 0.457995
6.130000 0.463415
6.140000 0.468781
6.150000 0.474093
6.160000 0.479352
6.170000 0.484559
6.180000 0.489713
6.190000 0.494816
6.200000 0.499868
6.210000 0.504869
6.220000 0.509821
6.230000 0.514722
6.240000 0.519575
6.250000 0.524379
6.260000 0.529136
6.270000 0.533844
6.280000 0.538506
6.290000 0.543121
6.300000 0.547690
6.310000 0.552213
6.320000 0.556691
6.330000 0.561124
6.340000 0.565512
6.350000 0.569857
6.360000 0.574159
6.370000 0.578417
6.380000 0.582633
6.390000 0.586807
6.400000 0.590939
6.410000 0.595029
6.420000 0.599079
6.430000 0.603088
6.440000 0.607057
6.450000 0.610987
6.460000 0.614877
6.470000 0.618728
6.480000 0.622541
6.490000 0.626315
6.500000 0.630036
6.510000 0.603851
6.520000 0.597912
6.530000 0.591933
6.540000 0.586013
6.550000 0.580153
6.560000 0.574352
6.570000 0.568608
6.580000 0.562922
6.590000 0.557293
6.600000 0.551720
6.610000 0.546203
6.620000 0.540741
6.630000 0.535333
6.640000 0.529980
6.650000 0.524680
6.660000 0.519433
6.670000 0.514239
6.680000 0.509097
6.690000 0.504006
6.700000 0.498966
6.710000 0.493976
6.720000 0.489036
6.730000 0.484146
6.740000 0.479304
6.750000 0.474511
6.760000 0.469766
6.770000 0.465069
6.780000 0.460418
6.790000 0.455814
6.800000 0.451256
6.810000 0.446743
6.820000 0.442276
6.830000 0.437853
6.840000 0.433474
6.850000 0.429140
6.860000 0.424848
6.870000 0.420600
6.880000 0.416394
6.890000 0.412230
6.900000 0.408107
6.910000 0.404026
6.920000 0.399986
6.930000 0.395986
6.940000 0.392026
6.950000 0.388106
6.960000 0.384225
6.970000 0.380383
6.980000 0.376579
6.990000 0.372813
7.000000 0.369102
7.010000 0.395294
7.020000 0.401243
7.030000 0.407230
7.040000 0.413158
7.050000 0.419026
7.060000 0.424836
7.070000 0.430588
7.080000 0.436282
7.090000 0.441919
7.100000 0.447500
7.110000 0.453025
7.120000 0.458495
7.130000 0.463910
7.140000 0.469271
7.150000 0.474578
7.160000 0.479832
7.170000 0.485034
7.180000 0.490183
7.190000 0.495282
7.200000 0.500329
7.210000 0.505325
7.220000 0.510272
7.230000 0.515169
7.240000 0.520018
7.250000 0.524818
7.260000 0.529569
7.270000 0.534274
7.280000 0.538931
7.290000 0.543542
7.300000 0.548106
7.310000 0.552625
7.320000 0.557099
7.330000 0.561528
7.340000 0.565913
7.350000 0.570254
7.360000 0.574551
7.370000 0.578805
7.380000 0.583017
7.390000 0.587187
7.400000 0.591315
7.410000 0.595402
7.420000 0.599448
7.430000 0.603454
7.440000 0.607419
7.450000 0.611345
7.460000 0.615232
7.470000 0.619079
7.480000 0.622888
7.490000 0.626660
7.500000 0.630376
7.510000 0.604189
7.520000 0.598246
7.530000 0.592263
7.540000 0.586341
7.550000 0.580477
7.560000 0.574673
7.570000 0.568926
7.580000 0.563237
7.590000 0.557604
7.600000 0.552028
7.610000 0.546508
7.620000 0.541043
7.630000 0.535632
7.640000 0.530276
7.650000 0.524973
7.660000 0.519724
7.670000 0.514526
7.680000 0.509381
7.690000 0.504287
7.700000 0.499244
7.710000 0.494252
7.720000 0.489309
7.730000 0.484416
7.740000 0.479572
7.750000 0.474776
7.760000 0.470029
7.770000 0.465328
7.780000 0.460675
7.790000 0.456068
7.800000 0.451508
7.810000 0.446993
7.820000 0.442523
7.830000 0.438097
7.840000 0.433716
7.850000 0.429379
7.860000 0.425086
7.870000 0.420835
7.880000 0.416626
7.890000 0.412460
7.900000 0.408335
7.910000 0.404252
7.920000 0.400210
7.930000 0.396207
7.940000 0.392245
7.950000 0.388323
7.960000 0.384440
7.970000 0.380595
7.980000 0.376789
7.990000 0.373021
8.000000 0.369308
8.010000 0.395499
8.020000 0.401445
8.030000 0.407430
8.040000 0.413356
8.050000 0.419222
8.060000 0.425030
8.070000 0.430780
8.080000 0.436472
8.090000 0.442107
8.100000 0.447686
8.110000 0.453209
8.120000 0.458677
8.130000 0.464091
8.140000 0.469450
8.150000 0.474755
8.160000 0.480008
8.170000 0.485207
8.180000 0.490355
8.190000 0.495452
8.200000 0.500497
8.210000 0.505492
8.220000 0.510437
8.230000 0.515333
8.240000 0.520180
8.250000 0.524978
8.260000 0.529728
8.270000 0.534431
8.280000 0.539087
8.290000 0.543696
8.300000 0.548259
8.310000 0.552776
8.320000 0.557248
8.330000 0.561676
8.340000 0.566059
8.350000 0.570399
8.360000 0.574695
8.370000 0.578948
8.380000 0.583158
8.390000 0.587327
8.400000 0.591453
8.410000 0.595539
8.420000 0.599583
8.430000 0.603588
8.440000 0.607552
8.450000 0.611476
8.460000 0.615361
8.470000 0.619208
8.480000 0.623016
8.490000 0.626786
8.500000 0.630501
8.510000 0.604312
8.520000 0.598368
8.530000 0.592384
8.540000 0.586461
8.550000 0.580596
8.560000 0.574790
8.570000 0.569042
8.580000 0.563352
8.590000 0.557718
8.600000 0.552141
8.610000 0.546620
8.620000 0.541153
8.630000 0.535742
8.640000 0.530384
8.650000 0.525081
8.660000 0.519830
8.670000 0.514631
8.680000 0.509485
8.690000 0.504390
8.700000 0.499346
8.710000 0.494353
8.720000 0.489409
8.730000 0.484515
8.740000 0.479670
8.750000 0.474873
8.760000 0.470125
8.770000 0.465423
8.780000 0.460769
8.790000 0.456162
8.800000 0.451600
8.810000 0.447084
8.820000 0.442613
8.830000 0.438187
8.840000 0.433805
8.850000 0.429467
8.860000 0.425172
8.870000 0.420921
8.880000 0.416711
8.890000 0.412544
8.900000 0.408419
8.910000 0.404335
8.920000 0.400291
8.930000 0.396288
8.940000 0.392326
8.950000 0.388402
8.960000 0.384518
8.970000 0.380673
8.980000 0.376866
8.990000 0.373098
9.000000 0.369383
9.010000 0.395573
9.020000 0.401519
9.030000 0.407503
9.040000 0.413428
9.050000 0.419294
9.060000 0.425101
9.070000 0.430850
9.080000 0.436542
9.090000 0.442176
9.100000 0.447754
9.110000 0.453277
9.120000 0.458744
9.130000 0.464157
9.140000 0.469515
9.150000 0.474820
9.160000 0.480072
9.170000 0.485271
9.180000 0.490418
9.190000 0.495514
9.200000 0.500559
9.210000 0.505553
9.220000 0.510498
9.230000 0.515393
9.240000 0.520239
9.250000 0.525037
9.260000 0.529786
9.270000 0.534488
9.280000 0.539144
9.290000 0.543752
9.300000 0.548315
9.310000 0.552831
9.320000 0.557303
9.330000 0.561730
9.340000 0.566113
9.350000 0.570452
9.360000 0.574747
9.370000 0.579000
9.380000 0.583210
9.390000 0.587378
9.400000 0.591504
9.410000 0.595589
9.420000 0.599633
9.430000 0.603637
9.440000 0.607600
9.450000 0.611524
9.460000 0.615409
9.470000 0.619255
9.480000 0.623062
9.490000 0.626832
9.500000 0.630547
9.510000 0.604357
9.520000 0.598413
9.530000 0.592429
9.540000 0.586504
9.550000 0.580639
9.560000 0.574833
9.570000 0.569085
9.580000 0.563394
9.590000 0.557760
9.600000 0.552182
9.610000 0.546660
9.620000 0.541194
9.630000 0.535782
9.640000 0.530424
9.650000 0.525120
9.660000 0.519869
9.670000 0.514670
9.680000 0.509523
9.690000 0.504428
9.700000 0.499384
9.710000 0.494390
9.720000 0.489446
9.730000 0.484552
9.740000 0.479706
9.750000 0.474909
9.760000 0.470160
9.770000 0.465458
9.780000 0.460804
9.790000 0.456196
9.800000 0.451634
9.810000 0.447117
9.820000 0.442646
9.830000 0.438220
9.840000 0.433838
9.850000 0.429499
9.860000 0.425204
9.870000 0.420952
9.880000 0.416743
9.890000 0.412575
9.900000 0.408449
9.910000 0.404365
9.920000 0.400321
9.930000 0.396318
9.940000 0.392355
9.950000 0.388431
9.960000 0.384547
9.970000 0.380702
9.980000 0.376895
9.990000 0.373126
10.000000 0.369411
